26 0.310096 0.933884 0.0576923 0.132231 0.281471
26 0.622596 0.966942 0.0625 0.0661157 0.323849
26 0.598558 0.72314 0.0528846 0.107438 0.325427
26 0.0661058 0.491736 0.132212 0.652893 0.437687
26 0.288462 0.727273 0.0576923 0.214876 0.441583
26 0.52524 0.859504 0.0504808 0.165289 0.520552
26 0.651442 0.871901 0.0913462 0.256198 0.539544
26 0.552885 0.561983 0.0769231 0.297521 0.718079
24 0.0661058 0.491736 0.132212 0.652893 0.728736
26 0.853365 0.871901 0.0721154 0.256198 0.74591
26 0.647837 0.450413 0.122596 0.404959 0.752361
26 0.385817 0.855372 0.0985577 0.289256 0.768277
26 0.221154 0.876033 0.0769231 0.247934 0.785963
26 0.707933 0.206612 0.0985577 0.413223 0.800613
